600000
600021
600050
600060
600016
600019
600023
600030
600048
600109
600063
600158
600161
600157
600089
600256
600247
600299
600316
600332
600139
600169
600410
600418
600555
600228
600570
600601
600717
600317
600352
600684
600390
600435
600967
600822
600820
601166
600489
601299
601618
600965
601899
601118
601766
600599
600688
000158
600711
000518
000667
000536
600751
000751
600791
000802
600887
601018
002307
000009
002474
000157
300185
000735
000768
000815
000825
000897
000979
002024
002030
002163
002166
002190
002240
002306
002486
002506
