600036
600038
600058
600062
600071
600017
600082
600029
600101
600095
600116
600123
600125
600148
600069
600133
600072
600162
600074
600078
600225
600227
600088
600208
600096
600237
600261
600290
600271
600320
600130
600277
600328
600138
600141
600336
600339
600362
600310
600313
600315
600380
600330
600348
600400
600175
600368
600375
600191
600456
600458
600193
600196
600198
600199
600202
600203
600536
600216
600220
600528
600547
600630
600550
600249
600635
600643
600649
600576
600575
600664
600270
600585
600586
600677
600596
600692
600598
600614
600648
600319
600776
600355
600373
600829
600846
600770
600800
600808
600466
600470
600482
600851
601288
601333
601377
601668
601727
600529
600527
600531
601898
601933
601992
601009
601008
600546
603328
600549
600567
600578
600584
601607
601788
601866
600603
000036
000039
600620
600629
600633
600634
600645
600647
000514
600690
000607
600701
000627
600705
600720
600726
600736
600756
000582
600757
000721
600767
000756
000762
000790
000625
000792
600787
000799
000637
000818
600801
600804
000826
000837
000701
000836
600825
000776
000928
000793
000957
000977
600859
000829
600863
000998
002014
000895
600881
002042
600893
002046
000926
000960
600970
000965
002106
002123
002022
002045
002135
002148
002076
002161
002167
002170
601233
601258
002181
002115
002118
601600
002229
002146
002237
002246
601777
002283
002230
002233
601901
002235
601919
002254
601939
002340
002266
603006
603099
002375
603111
002274
603555
603766
002448
002449
002379
002389
002511
002581
002480
002628
002505
002646
002556
002564
000159
002697
002594
300022
300024
002655
000521
300077
000551
300059
300094
300208
300124
300132
300146
000661
000700
000707
300362
300233
000717
000728
000778
300325
000789
000812
300376
000850
000839
000852
000861
000875
000882
000881
000923
000922
000930
000938
000955
000970
001696
002007
002011
002052
002073
002145
002168
002182
002200
002204
002236
002263
002344
002346
002362
002404
002408
002415
002420
002463
002524
002528
002535
002571
002582
002583
002591
002673
002721
300111
300131
300158
300191
300220
300251
300273
300274
