600001,0.935483870968
600009,7.25806451613
600000,68.2580645161
600010,178.483870968
600015,30.4516129032
600003,0.387096774194
600021,53.3548387097
600018,16.9677419355
600002,0.322580645161
600022,36.0
600028,36.0322580645
600004,9.32258064516
600036,20.935483871
600031,50.0
600005,46.935483871
600037,15.4838709677
600035,6.45161290323
600006,43.4193548387
600038,22.8064516129
600050,50.5483870968
600007,4.87096774194
600056,13.9032258065
600052,9.58064516129
600008,15.5161290323
600057,18.5483870968
600058,21.9032258065
600012,6.83870967742
600059,14.4193548387
600055,6.70967741935
600011,8.93548387097
600062,28.4838709677
600060,89.2903225806
600016,54.7741935484
600071,21.5161290323
600066,12.6774193548
600020,43.064516129
600076,9.51612903226
600077,5.16129032258
600017,28.8709677419
600081,3.90322580645
600079,10.064516129
600019,56.0
600087,11.1612903226
600082,24.9032258065
600023,50.3548387097
600086,5.41935483871
600084,14.6129032258
600026,12.5161290323
600094,4.38709677419
600090,1.93548387097
600027,19.8709677419
600097,5.29032258065
600091,5.09677419355
600029,22.8387096774
600101,26.5161290323
600092,0.0967741935484
600033,38.4838709677
600099,8.38709677419
600095,20.5806451613
600030,79.8709677419
600102,0.161290322581
600103,12.2903225806
600048,63.4516129032
600114,2.61290322581
600105,8.74193548387
600039,37.2580645161
600116,20.0322580645
600109,59.0967741935
600051,7.22580645161
600117,15.1935483871
600112,5.03225806452
600053,9.06451612903
600121,8.64516129032
600120,43.8709677419
600054,7.06451612903
600122,19.2903225806
600123,25.0
600061,4.58064516129
600135,10.935483871
600125,27.064516129
600063,67.935483871
600143,37.8064516129
600126,7.16129032258
600065,0.0967741935484
600148,22.7741935484
600132,31.8387096774
600064,14.1290322581
600153,13.4516129032
600131,11.5483870968
600067,12.1935483871
600158,68.4193548387
600129,16.3548387097
600069,21.5483870968
600161,52.3548387097
600133,25.2903225806
600068,48.7096774194
600166,39.4193548387
600149,47.3225806452
600070,19.1612903226
600182,15.7419354839
600157,90.0322580645
600072,22.0
600205,0.129032258065
600162,28.064516129
600073,15.1612903226
600211,6.61290322581
600171,19.9677419355
600074,21.0322580645
600210,19.8064516129
600176,14.2903225806
600075,11.0967741935
600222,16.5806451613
600178,7.0
600078,24.8387096774
600225,21.0322580645
600179,5.58064516129
600080,17.2258064516
600227,24.064516129
600180,13.1290322581
600083,7.83870967742
600223,9.58064516129
600185,14.0322580645
600085,9.35483870968
600231,7.03225806452
600190,15.5483870968
600088,24.1290322581
600232,6.41935483871
600197,6.74193548387
600089,54.1290322581
600234,11.1290322581
600208,28.4193548387
600093,44.0322580645
600243,4.25806451613
600218,7.83870967742
600096,25.0322580645
600246,10.3548387097
600219,35.4838709677
600100,41.1612903226
600250,5.87096774194
600233,6.70967741935
600098,11.9677419355
600255,228.161290323
600238,30.8709677419
600104,15.2903225806
600256,80.4838709677
600237,21.5806451613
600106,15.3225806452
600261,20.9677419355
600242,6.74193548387
600107,10.0
600268,15.2258064516
600247,99.4516129032
600108,41.5806451613
600282,5.09677419355
600253,0.0967741935484
600111,44.2258064516
600288,38.8709677419
600258,4.22580645161
600110,32.0322580645
600290,24.7741935484
600260,44.8387096774
600113,9.06451612903
600292,14.4838709677
600265,10.1290322581
600115,18.9677419355
600296,0.0967741935484
600263,0.0645161290323
600118,39.5483870968
600299,74.4516129032
600267,11.1290322581
600119,14.4838709677
600312,19.0
600271,28.9032258065
600127,31.1612903226
600316,78.1290322581
600273,39.4193548387
600128,19.064516129
600320,25.6774193548
600275,40.8387096774
600130,22.0322580645
600323,15.8387096774
600276,5.0
600136,4.77419354839
600327,40.4193548387
600277,21.8387096774
600137,9.67741935484
600328,23.3225806452
600281,7.70967741935
600138,22.0967741935
600332,89.4193548387
600283,2.8064516129
600139,50.4516129032
600337,8.32258064516
600285,17.2258064516
600141,27.935483871
600336,20.1935483871
600289,14.4838709677
600145,40.9677419355
600333,11.1612903226
600297,2.61290322581
600146,37.7096774194
600339,26.6774193548
600305,7.38709677419
600150,157.774193548
600346,14.0322580645
600306,4.8064516129
600152,30.0967741935
600350,17.5483870968
600311,17.0322580645
600151,33.935483871
600362,23.0322580645
600310,22.2258064516
600155,11.9677419355
600361,38.0322580645
600313,28.6129032258
600156,7.96774193548
600367,15.3548387097
600315,25.8709677419
600159,10.6774193548
600372,16.7741935484
600325,40.6451612903
600160,32.6451612903
600379,2.87096774194
600329,4.77419354839
600163,13.8387096774
600380,28.5483870968
600330,29.5806451613
600165,7.77419354839
600382,44.6451612903
600335,9.29032258065
600167,5.93548387097
600383,19.0322580645
600340,10.1290322581
600168,18.5806451613
600386,15.6129032258
600345,7.16129032258
600170,13.6129032258
600387,19.0
600348,25.064516129
600169,58.3225806452
600392,13.8709677419
600354,15.8709677419
600172,17.7741935484
600400,22.8064516129
600359,18.0
600173,7.0
600410,76.6129032258
600358,3.06451612903
600175,27.2258064516
600419,9.41935483871
600356,7.45161290323
600177,41.2258064516
600423,5.41935483871
600366,9.54838709677
600183,11.2903225806
600420,3.45161290323
600365,3.48387096774
600181,0.0322580645161
600428,18.3548387097
600363,31.2903225806
600184,17.2580645161
600432,12.9677419355
600368,23.9032258065
600186,10.4838709677
600438,8.96774193548
600375,21.9677419355
600187,8.58064516129
600439,16.9677419355
600376,43.1612903226
600188,9.03225806452
600448,7.90322580645
600377,8.58064516129
600189,10.6451612903
600449,16.8064516129
600381,326.709677419
600191,21.935483871
600456,20.7096774194
600396,8.48387096774
600192,6.29032258065
600458,22.7741935484
600395,12.2580645161
600193,24.0967741935
600462,7.1935483871
600398,11.7419354839
600195,12.7741935484
600467,34.7419354839
600406,19.9032258065
600196,23.7741935484
600476,8.32258064516
600408,19.935483871
600198,21.1290322581
600481,13.9032258065
600409,30.6774193548
600200,33.4193548387
600480,38.2258064516
600418,67.2580645161
600199,22.8709677419
600495,30.5161290323
600425,17.7419354839
600201,6.25806451613
600503,35.064516129
600444,6.0
600202,22.3870967742
600506,10.0967741935
600461,9.48387096774
600203,23.6129032258
600510,12.9032258065
600460,17.4838709677
600206,17.1612903226
600512,11.3870967742
600469,33.6774193548
600207,10.3225806452
600513,6.77419354839
600477,4.35483870968
600209,43.7419354839
600525,35.7419354839
600479,5.77419354839
600212,48.8387096774
600533,19.3225806452
600483,17.8709677419
600213,2.35483870968
600536,24.1612903226
600485,12.9677419355
600215,8.12903225806
600535,6.35483870968
600486,13.7096774194
600217,18.7741935484
600551,16.5806451613
600497,13.5483870968
600216,29.0967741935
600555,60.3870967742
600498,17.2258064516
600220,20.5806451613
600560,4.70967741935
600501,15.0322580645
600221,49.3548387097
600568,14.1935483871
600502,18.8387096774
600226,8.22580645161
600571,1.29032258065
600505,3.29032258065
600228,53.3548387097
600570,74.5483870968
600519,31.4193548387
600229,5.09677419355
600583,43.3870967742
600521,44.1612903226
600230,19.4516129032
600523,18.2903225806
600235,3.64516129032
600594,7.67741935484
600522,42.8387096774
600236,9.58064516129
600601,78.9677419355
600528,25.2258064516
600240,7.8064516129
600612,3.22580645161
600540,5.41935483871
600239,32.1612903226
600613,3.32258064516
600547,29.0967741935
600241,2.93548387097
600630,25.064516129
600550,29.3870967742
600248,9.51612903226
600632,0.0645161290323
600556,19.0
600249,20.9032258065
600635,25.2903225806
600557,7.8064516129
600251,15.2580645161
600643,20.6129032258
600558,8.03225806452
600252,19.7741935484
600649,27.0967741935
600559,4.09677419355
600257,15.8387096774
600655,8.03225806452
600565,13.4193548387
600259,15.7741935484
600656,11.1612903226
600566,4.32258064516
600262,14.064516129
600659,0.161290322581
600576,23.7419354839
600266,11.3548387097
600660,7.25806451613
600575,21.5161290323
600269,17.7741935484
600664,27.9032258065
600577,5.93548387097
600270,22.1290322581
600666,47.064516129
600579,11.9677419355
600272,3.96774193548
600672,0.0322580645161
600585,26.1935483871
600279,10.0322580645
600586,28.8064516129
600280,14.064516129
600677,25.2903225806
600592,15.8709677419
600278,9.25806451613
600681,8.25806451613
600596,26.4838709677
600284,19.4193548387
600680,16.3548387097
600597,30.935483871
600286,0.0322580645161
600692,23.6774193548
600598,24.2903225806
600287,9.41935483871
600699,14.2903225806
600610,5.1935483871
600291,18.5483870968
600614,24.8387096774
600293,14.0
600710,6.67741935484
600615,8.06451612903
600295,6.32258064516
600712,9.90322580645
600623,4.58064516129
600298,8.8064516129
600714,7.48387096774
600624,36.8387096774
600300,16.3548387097
600715,16.4516129032
600626,11.2258064516
600303,7.67741935484
600717,95.6129032258
600628,13.5806451613
600301,7.96774193548
600718,33.6451612903
600631,0.387096774194
600302,4.41935483871
600716,9.93548387097
600636,17.2903225806
600307,7.41935483871
600722,8.09677419355
600637,10.4193548387
600308,18.3225806452
600725,12.7096774194
600640,14.3548387097
600309,11.7741935484
600729,35.5806451613
600648,21.8709677419
600318,4.61290322581
600737,104.903225806
600317,50.0967741935
600747,18.8387096774
600653,31.5806451613
600319,20.1290322581
600750,11.8387096774
600657,13.8064516129
600321,30.5806451613
600761,11.8387096774
600658,12.1290322581
600322,36.6451612903
600758,12.5483870968
600667,11.4193548387
600326,15.935483871
600763,2.38709677419
600671,4.32258064516
600331,15.7096774194
600764,18.0322580645
600673,14.7419354839
600338,3.58064516129
600765,44.3548387097
600675,19.064516129
600343,33.1935483871
600768,7.87096774194
600674,9.38709677419
600352,59.4193548387
600776,27.2258064516
600682,16.1935483871
600355,21.0322580645
600774,4.45161290323
600683,14.7741935484
600351,17.9032258065
600778,12.6129032258
600687,5.41935483871
600353,17.3225806452
600780,9.70967741935
600684,61.064516129
600357,0.0645161290323
600783,18.4516129032
600689,6.74193548387
600360,19.2580645161
600785,16.3870967742
600697,4.70967741935
600370,9.64516129032
600788,0.0645161290323
600696,8.1935483871
600371,18.9032258065
600790,44.2580645161
600695,13.1290322581
600369,10.5806451613
600796,4.58064516129
600706,10.1290322581
600373,25.6451612903
600794,4.83870967742
600707,9.48387096774
600378,4.83870967742
600807,10.1290322581
600713,17.064516129
600385,14.5161290323
600817,18.9677419355
600719,7.09677419355
600388,31.7419354839
600829,27.1935483871
600721,5.25806451613
600389,13.6129032258
600839,10.1935483871
600723,15.0
600390,64.1935483871
600838,7.8064516129
600728,15.3548387097
600391,41.1935483871
600845,6.48387096774
600730,18.5483870968
600397,17.1935483871
600847,2.77419354839
600731,3.41935483871
600393,6.12903225806
600846,23.1290322581
600732,17.6129032258
600399,19.7741935484
600860,5.12903225806
600740,19.1612903226
600401,17.7419354839
600868,41.8064516129
600741,13.4193548387
600405,46.6774193548
600871,44.0322580645
600749,8.74193548387
600403,9.70967741935
600876,8.48387096774
600415,8.25806451613
600879,44.1612903226
600755,43.6774193548
600416,6.61290322581
600890,8.83870967742
600753,18.2258064516
600422,11.5483870968
600891,33.8064516129
600766,5.1935483871
600421,2.64516129032
600892,2.83870967742
600769,8.83870967742
600426,15.6774193548
600894,6.03225806452
600770,24.9677419355
600429,13.5161290323
600895,15.7741935484
600795,33.2903225806
600433,11.4516129032
600897,8.90322580645
600798,10.0
600435,63.5806451613
600967,64.5161290323
600800,25.4838709677
600436,16.2903225806
600969,2.87096774194
600802,16.6774193548
600446,6.70967741935
600971,7.8064516129
600808,28.5806451613
600452,1.8064516129
600976,5.41935483871
600813,0.0322580645161
600455,0.838709677419
600978,36.4838709677
600814,6.61290322581
600459,8.64516129032
600981,4.54838709677
600819,13.3548387097
600463,14.7419354839
600987,16.7741935484
600822,65.0322580645
600466,20.0322580645
600992,3.51612903226
600820,50.9032258065
600468,17.9032258065
600999,17.3870967742
600824,9.61290322581
600470,21.4193548387
601000,30.1612903226
600827,13.2580645161
601010,14.5161290323
600833,12.1935483871
600475,7.87096774194
601058,2.64516129032
600837,30.1935483871
600478,4.41935483871
601107,7.45161290323
600842,0.0645161290323
600482,24.1612903226
601117,38.7741935484
600850,5.8064516129
600487,3.06451612903
601166,50.0967741935
600849,0.0322580645161
600488,17.1290322581
601179,13.0322580645
600851,20.1612903226
600489,60.5483870968
601216,34.0967741935
600853,14.5806451613
600490,5.45161290323
601222,5.93548387097
600856,6.1935483871
600491,19.2258064516
601225,37.9032258065
600857,5.1935483871
600493,8.06451612903
601238,13.2903225806
600855,16.5483870968
600496,5.51612903226
601288,20.3870967742
600861,10.4193548387
600499,9.58064516129
601313,7.93548387097
600864,17.0
600500,5.1935483871
601299,56.6129032258
600865,4.09677419355
600507,11.6451612903
601333,24.6451612903
600867,15.1935483871
600508,9.90322580645
601369,16.5161290323
600872,14.7741935484
600509,45.9032258065
601377,28.0
600877,14.8064516129
600511,1.70967741935
601588,38.8709677419
600880,47.1935483871
600518,39.935483871
601601,9.90322580645
600883,10.8064516129
600517,2.22580645161
601618,51.7096774194
600886,16.1612903226
600515,14.5806451613
601608,47.064516129
600889,14.3870967742
600516,41.4193548387
601668,26.7419354839
600898,17.0322580645
600520,2.74193548387
601678,17.8709677419
600965,79.3225806452
600526,34.8387096774
601727,27.8064516129
600966,7.32258064516
600529,28.6451612903
601718,101.064516129
600973,36.2258064516
600527,25.064516129
601798,12.0322580645
600986,1.77419354839
600530,4.03225806452
601886,17.2580645161
600995,12.3225806452
600531,20.8709677419
601898,21.3870967742
601002,35.935483871
600532,9.77419354839
601899,58.2903225806
601005,7.64516129032
600537,44.5806451613
601933,24.2903225806
601006,16.9677419355
600538,2.45161290323
601992,29.7741935484
601009,24.1290322581
600539,5.96774193548
603000,46.3870967742
601008,25.2580645161
600543,9.67741935484
603005,6.22580645161
601012,11.2903225806
600545,36.3870967742
603100,19.4193548387
601028,7.77419354839
600546,20.9032258065
603328,21.8387096774
601088,36.9032258065
600548,4.90322580645
900903,0.322580645161
601100,1.93548387097
600549,20.8064516129
900911,0.161290322581
601099,39.5161290323
600552,1.0
900915,0.451612903226
601113,16.1935483871
600553,0.129032258065
900918,0.41935483871
601118,51.9677419355
600561,5.12903225806
900922,0.387096774194
601126,6.70967741935
600562,8.87096774194
900923,0.322580645161
601139,8.41935483871
600563,17.8064516129
900924,0.548387096774
601177,14.5483870968
600567,25.6774193548
900929,0.258064516129
601188,11.3225806452
600569,6.77419354839
900931,0.0322580645161
601208,16.7096774194
600572,6.96774193548
900933,0.0967741935484
601199,4.38709677419
600573,4.93548387097
900938,1.29032258065
601218,19.3548387097
600578,20.0322580645
900942,0.806451612903
601231,7.0
600580,7.48387096774
900947,0.645161290323
601388,7.12903225806
600581,13.3225806452
900946,1.38709677419
601390,39.7096774194
600582,18.4838709677
900948,4.06451612903
601515,12.3548387097
600584,22.2903225806
900955,1.32258064516
601519,16.2903225806
600587,10.3870967742
900956,0.903225806452
601566,8.61290322581
600588,36.2903225806
601607,29.1290322581
600589,5.41935483871
601636,10.2903225806
600590,33.2580645161
000012,36.4838709677
601766,65.5806451613
600593,5.87096774194
000014,8.77419354839
601788,29.9677419355
600595,12.6451612903
601800,18.1935483871
600599,68.6774193548
601799,19.0967741935
600600,7.64516129032
000018,16.5806451613
601866,21.3225806452
600602,11.7096774194
601877,6.03225806452
600603,20.2258064516
000027,8.58064516129
601928,18.5483870968
600604,7.70967741935
601958,11.4193548387
600605,9.8064516129
601965,15.2580645161
600606,31.5483870968
000035,7.03225806452
601989,157.35483871
600607,0.193548387097
000036,28.064516129
603001,17.2258064516
600608,7.35483870968
603003,10.0
600609,16.3548387097
000039,21.6129032258
603002,12.2258064516
600611,31.8064516129
603077,11.7419354839
600616,10.064516129
000048,6.96774193548
603123,14.0967741935
600618,6.25806451613
603308,7.96774193548
600620,25.5483870968
603288,10.8387096774
600619,6.8064516129
000069,17.0967741935
603333,16.7741935484
600617,2.87096774194
000100,105.64516129
603688,1.35483870968
600621,7.90322580645
603699,12.4193548387
600622,18.8064516129
000155,18.064516129
900904,2.41935483871
600625,0.0967741935484
000333,36.8387096774
900916,0.387096774194
600627,0.0645161290323
900919,0.677419354839
600629,29.1612903226
900925,0.322580645161
600633,21.5483870968
900927,0.258064516129
600634,26.3870967742
000406,0.0322580645161
900928,0.354838709677
600638,9.25806451613
000419,7.16129032258
900935,0.322580645161
600639,12.8387096774
900943,0.41935483871
600641,10.9032258065
900945,0.322580645161
600642,40.2580645161
900951,0.612903225806
600644,10.0
900950,3.70967741935
600645,21.0322580645
900953,0.774193548387
600647,26.935483871
900952,0.322580645161
600650,4.61290322581
000514,23.6774193548
000006,14.4516129032
600651,7.32258064516
000517,6.58064516129
600652,34.8709677419
000516,31.935483871
600654,18.2580645161
000526,4.87096774194
000019,4.67741935484
600661,5.41935483871
000525,12.0
600663,10.0967741935
000533,15.5161290323
600662,30.5806451613
000537,18.7096774194
600665,15.8387096774
000543,5.54838709677
000040,8.41935483871
600668,20.0
000548,5.16129032258
600669,0.0645161290323
000546,17.7741935484
600676,16.3225806452
000555,5.54838709677
600678,4.22580645161
600679,6.74193548387
600686,11.2580645161
000568,35.064516129
600685,15.1612903226
000573,6.58064516129
600688,51.3870967742
000583,0.0967741935484
000089,14.1290322581
600690,28.8064516129
000586,2.1935483871
600691,34.3548387097
000096,7.1935483871
600693,2.87096774194
000598,40.3548387097
600694,35.7419354839
000607,23.6774193548
000158,58.3225806452
600698,17.2258064516
000608,9.96774193548
600700,0.161290322581
000615,3.38709677419
600702,9.0
000619,5.74193548387
600701,25.6129032258
600703,34.4193548387
000421,10.6774193548
600704,17.9032258065
000627,29.1290322581
000422,16.0
600705,22.8709677419
600708,14.2903225806
000638,1.06451612903
600711,72.8387096774
000639,7.87096774194
600720,27.1290322581
600724,4.51612903226
600726,22.2903225806
000655,6.38709677419
600727,13.5161290323
000657,10.4516129032
000515,0.0322580645161
600733,9.22580645161
000658,0.0322580645161
000518,75.0322580645
600735,6.0
600734,12.2580645161
000667,57.1612903226
000523,6.22580645161
600736,26.2580645161
000673,1.87096774194
600738,8.51612903226
000677,19.7741935484
600739,44.0322580645
000678,9.38709677419
000536,55.064516129
600742,14.6129032258
600743,12.3548387097
600744,18.4838709677
000688,7.8064516129
000558,8.51612903226
600745,4.61290322581
000691,4.1935483871
000560,2.0
600748,12.4516129032
000695,7.1935483871
000565,19.0967741935
600746,9.35483870968
000698,11.1935483871
600751,59.5161290323
600754,3.93548387097
000713,3.25806451613
600756,28.7096774194
000715,3.41935483871
000578,1.0
600759,12.9677419355
000711,2.03225806452
000582,25.2903225806
600757,24.0
000718,19.6129032258
600760,17.8064516129
000721,23.0
000584,5.83870967742
000737,10.064516129
600767,24.5806451613
000751,64.3225806452
600771,4.51612903226
000752,18.1290322581
600772,0.0322580645161
000756,20.8387096774
600773,11.5161290323
000758,18.3870967742
600775,15.2903225806
000757,5.54838709677
000605,0.225806451613
600777,36.0322580645
000762,20.5161290323
000606,12.3225806452
600779,15.4516129032
000766,6.38709677419
600781,2.09677419355
000786,11.0967741935
000618,0.0322580645161
600782,9.45161290323
000787,7.12903225806
600784,12.6774193548
000790,26.935483871
000625,27.2580645161
000792,22.6129032258
000628,10.5483870968
600787,20.2903225806
000799,20.6129032258
000629,18.064516129
600789,110.35483871
000796,1.93548387097
000635,10.1290322581
600791,62.0967741935
000800,43.935483871
000637,23.2258064516
600792,7.90322580645
000802,62.9677419355
000663,7.90322580645
600793,9.03225806452
000797,15.5483870968
600797,37.935483871
000807,18.5483870968
600799,0.0322580645161
000809,36.1612903226
000672,9.38709677419
600803,4.61290322581
000818,21.3225806452
600801,20.3225806452
000822,10.0322580645
000685,9.32258064516
600804,28.8064516129
000826,23.4516129032
000690,17.1290322581
600805,40.5806451613
000693,8.70967741935
600806,9.67741935484
000833,15.5483870968
600809,12.2580645161
000837,23.3870967742
000701,21.3225806452
600811,39.8064516129
000836,24.3548387097
000702,6.58064516129
600810,8.90322580645
000860,5.96774193548
000703,34.7419354839
600812,10.7096774194
000868,33.5161290323
000705,14.1935483871
600815,7.74193548387
000877,30.4516129032
000712,6.16129032258
600816,47.8387096774
000876,9.16129032258
000716,4.0
600818,6.77419354839
000880,5.61290322581
000722,7.35483870968
600821,8.8064516129
000878,14.4193548387
000727,10.7419354839
600823,31.3870967742
000883,32.7741935484
000731,18.2903225806
600825,26.1290322581
000885,2.83870967742
000738,33.2580645161
600826,13.8064516129
000892,10.4516129032
000748,2.77419354839
600828,12.4516129032
000899,13.3870967742
000750,19.5161290323
600830,14.0967741935
000910,2.83870967742
000760,15.064516129
600832,14.5483870968
000911,12.2580645161
600831,13.3225806452
000918,15.6774193548
000776,27.4516129032
600834,15.1935483871
000925,3.09677419355
000779,8.67741935484
600835,16.6774193548
000928,29.4516129032
000782,5.83870967742
600836,18.5161290323
000932,19.0322580645
000793,24.2580645161
600840,0.129032258065
000937,16.1935483871
000801,11.5806451613
600843,13.1290322581
000948,19.5161290323
000795,2.48387096774
600841,7.48387096774
000957,23.6129032258
000803,10.1612903226
600844,11.9677419355
000958,19.2258064516
000805,0.41935483871
600848,4.83870967742
000966,10.064516129
000806,101.0
000968,8.87096774194
000811,4.0
600854,14.2903225806
000978,13.0322580645
600858,11.6774193548
000977,24.0967741935
000828,9.87096774194
600859,29.6451612903
000982,12.6129032258
000829,29.9677419355
600862,132.483870968
000983,16.6451612903
000830,36.0967741935
600863,28.3870967742
000993,11.4516129032
000848,8.48387096774
600866,8.96774193548
000998,23.8064516129
000851,33.064516129
600869,10.1935483871
002009,3.32258064516
000859,7.41935483871
600870,14.3548387097
002014,20.1935483871
000863,11.2258064516
600874,14.9032258065
002015,5.32258064516
000869,15.4516129032
600873,4.35483870968
002017,7.09677419355
000888,7.83870967742
600875,37.8064516129
002016,5.38709677419
000895,21.2258064516
600878,0.0645161290323
002019,4.61290322581
000902,10.5806451613
600881,20.5161290323
002027,12.2580645161
000903,8.29032258065
600885,11.1290322581
002031,12.9032258065
000912,17.0
600884,8.70967741935
002033,11.1290322581
000909,2.45161290323
600882,9.74193548387
002036,11.9032258065
000916,7.32258064516
600887,64.935483871
002042,22.0
000917,17.7741935484
600888,7.77419354839
002039,12.1935483871
000919,7.03225806452
600893,26.4193548387
002044,7.0
000921,19.6451612903
600896,11.7096774194
002046,24.3870967742
000926,29.5483870968
600900,32.064516129
002054,6.51612903226
000929,4.87096774194
002056,17.4193548387
000935,17.1290322581
600960,2.87096774194
002068,13.3548387097
000936,16.4193548387
600962,37.4516129032
002069,12.8387096774
000939,7.16129032258
600961,5.93548387097
002071,15.8387096774
000950,6.8064516129
600963,12.0967741935
002075,11.9677419355
000960,26.4516129032
600970,20.4516129032
002082,6.54838709677
000959,10.3548387097
600975,5.70967741935
002083,13.3870967742
000963,2.90322580645
600979,10.1935483871
002084,4.35483870968
000965,27.1290322581
600980,6.96774193548
002091,17.0322580645
000973,11.4516129032
600982,8.77419354839
002092,42.935483871
000976,8.90322580645
600983,10.6774193548
002099,14.8709677419
000989,14.5806451613
600984,9.25806451613
002105,34.0
000997,18.6129032258
600985,7.25806451613
002106,21.935483871
000995,7.45161290323
600988,16.7096774194
002107,11.064516129
002002,5.51612903226
600990,5.54838709677
002113,3.67741935484
002003,9.90322580645
600991,0.0967741935484
002123,26.7741935484
002021,3.0
600993,8.74193548387
002121,7.48387096774
002022,21.5483870968
600997,12.0322580645
002124,2.61290322581
002035,5.58064516129
600998,8.16129032258
002128,8.48387096774
002043,15.2903225806
601001,30.1612903226
002129,8.25806451613
002045,21.4516129032
601003,9.61290322581
002134,3.83870967742
002048,12.1935483871
601007,13.3225806452
002135,20.8064516129
002050,5.67741935484
601011,7.32258064516
002142,10.6129032258
002049,17.3548387097
601018,56.4193548387
002147,6.16129032258
002053,12.6129032258
601038,14.2903225806
002148,21.5483870968
002055,10.8064516129
601098,10.6774193548
002149,13.9032258065
002066,16.3870967742
601101,9.35483870968
002154,10.935483871
002067,32.9032258065
601106,139.451612903
002153,8.83870967742
002072,9.70967741935
601111,36.2258064516
002155,31.935483871
002076,24.5806451613
601116,13.064516129
002157,4.38709677419
002077,12.6774193548
601137,4.8064516129
002159,5.06451612903
002081,7.03225806452
601158,16.9677419355
002161,24.5161290323
002085,2.0
601168,30.064516129
002167,23.2258064516
002088,3.51612903226
601169,10.6129032258
002170,21.3548387097
002094,10.6129032258
601186,33.9032258065
002173,8.12903225806
002096,3.29032258065
601233,21.8064516129
002174,11.935483871
002102,10.8709677419
601268,12.5806451613
002177,36.0967741935
002100,8.12903225806
601258,22.3548387097
002181,24.4193548387
002103,1.06451612903
601311,10.1612903226
002184,5.83870967742
002101,5.12903225806
601318,32.5161290323
002186,16.7419354839
002110,7.74193548387
601328,14.9032258065
002188,7.67741935484
002111,7.12903225806
601336,11.064516129
002192,10.3225806452
002115,20.9677419355
601339,5.16129032258
002194,14.6129032258
002112,5.38709677419
601398,18.1935483871
002206,17.0967741935
002114,11.5806451613
601518,9.29032258065
002207,1.45161290323
002118,20.7096774194
601555,15.1935483871
002212,10.3225806452
002122,33.1290322581
601567,3.16129032258
002216,4.90322580645
002125,6.29032258065
601579,17.0967741935
002217,9.51612903226
002138,10.8387096774
601558,35.6129032258
002225,13.4838709677
002140,9.25806451613
601600,28.6451612903
002229,23.6774193548
002146,23.5483870968
601599,7.12903225806
002227,8.16129032258
002152,9.25806451613
601616,7.64516129032
002232,10.5161290323
002158,4.09677419355
601628,16.5806451613
002237,21.6129032258
002160,2.48387096774
601633,20.0
002241,39.7096774194
002162,15.0
601666,13.4516129032
002243,5.45161290323
002169,10.2258064516
601669,222.774193548
002244,12.3870967742
002175,17.8709677419
601677,11.4193548387
002246,20.0967741935
002179,19.6774193548
601699,48.5806451613
002251,18.9032258065
002187,11.064516129
601700,2.48387096774
002249,7.61290322581
002195,17.1612903226
601688,19.0322580645
002253,8.61290322581
002193,10.2580645161
601717,15.5483870968
002262,3.54838709677
002199,14.3548387097
601789,6.38709677419
002270,2.61290322581
002209,17.4838709677
601777,20.7096774194
002277,128.451612903
002213,6.03225806452
601808,16.6451612903
002278,12.4516129032
002214,4.83870967742
601801,6.32258064516
002283,20.7741935484
002218,11.1612903226
601818,35.6774193548
002285,11.7419354839
002222,19.7741935484
601872,12.0322580645
002290,17.5483870968
002220,19.1612903226
601857,44.4516129032
002293,6.93548387097
002223,6.70967741935
601880,39.1612903226
002289,14.3870967742
002224,11.2258064516
601888,4.74193548387
002294,10.9032258065
002230,23.2258064516
601890,10.8387096774
002300,7.38709677419
002233,24.5806451613
601901,25.1290322581
002310,39.1935483871
002231,9.16129032258
601918,39.4516129032
002316,9.09677419355
002235,29.0
601919,20.8064516129
002324,3.09677419355
002247,5.12903225806
601908,19.0
002327,8.16129032258
002250,4.51612903226
601929,8.22580645161
002329,16.6129032258
002254,22.1290322581
601939,22.9032258065
002336,17.2580645161
002252,11.0967741935
601988,12.7419354839
002340,22.4516129032
002255,9.48387096774
601991,10.5161290323
002342,13.6774193548
002256,12.6774193548
601996,15.7419354839
002343,4.0
002258,11.1290322581
601998,31.064516129
002359,13.5806451613
002264,18.7741935484
601999,12.064516129
002368,3.67741935484
002266,26.3225806452
603006,27.064516129
002367,7.67741935484
002267,7.61290322581
603009,16.8387096774
002371,2.38709677419
002268,4.12903225806
603008,4.64516129032
002373,3.48387096774
002273,10.0
603099,22.3548387097
002375,28.3870967742
002275,3.09677419355
603111,22.7096774194
002381,6.58064516129
002274,26.4193548387
603167,11.8387096774
002385,15.8709677419
002279,6.25806451613
603126,17.8387096774
002388,13.4516129032
002280,12.4838709677
603128,10.9677419355
002391,4.12903225806
002282,8.54838709677
603168,12.4838709677
002397,7.16129032258
002284,9.51612903226
603366,9.61290322581
002398,12.0322580645
002296,8.41935483871
603369,16.1290322581
002406,8.70967741935
002304,7.32258064516
603555,22.2903225806
002414,17.2580645161
002303,7.09677419355
603399,9.74193548387
002419,6.54838709677
002307,54.8064516129
603609,11.064516129
002434,4.38709677419
002308,14.4516129032
603766,21.9032258065
002436,1.54838709677
002309,32.5483870968
900902,0.516129032258
002439,6.03225806452
002317,7.83870967742
900901,0.645161290323
002444,9.45161290323
002319,11.2903225806
603993,6.12903225806
002445,8.32258064516
002321,4.93548387097
900907,0.741935483871
002446,4.70967741935
002335,2.70967741935
900906,1.83870967742
002448,22.2903225806
002337,5.54838709677
900905,0.290322580645
002449,20.8387096774
002338,6.12903225806
900908,0.387096774194
002452,7.8064516129
002345,8.64516129032
900909,0.225806451613
002456,41.5483870968
002357,2.93548387097
900910,0.354838709677
002465,18.6129032258
002364,3.1935483871
900912,0.41935483871
002464,3.06451612903
002365,11.3225806452
900913,1.38709677419
002470,7.51612903226
002372,7.0
900914,0.129032258065
002472,8.38709677419
002379,27.7741935484
900917,0.387096774194
002487,14.6774193548
002389,20.2258064516
900920,0.258064516129
002503,6.87096774194
002394,13.5483870968
900921,0.354838709677
002504,4.61290322581
002395,8.54838709677
900926,1.16129032258
002510,13.5806451613
002396,12.6451612903
900932,0.709677419355
002508,5.54838709677
002399,15.6774193548
900930,0.548387096774
002511,21.2903225806
002402,3.45161290323
900934,0.258064516129
002512,4.35483870968
002401,8.74193548387
900936,0.41935483871
002513,11.6129032258
002405,17.9677419355
900939,0.935483870968
002517,6.83870967742
002409,10.6451612903
900937,0.870967741935
002523,17.0
002418,1.74193548387
900941,0.161290322581
002525,0.193548387097
002430,9.32258064516
900940,0.677419354839
002530,18.9032258065
002441,6.67741935484
002529,4.64516129032
002440,49.8064516129
000001,123.0
002541,3.87096774194
002450,10.2903225806
900957,0.612903225806
002545,11.2258064516
002454,11.4193548387
000002,36.935483871
002546,11.2903225806
002460,11.5806451613
002552,7.09677419355
002466,6.0
002553,5.25806451613
002467,19.0
002558,3.83870967742
002468,3.09677419355
000009,70.8709677419
002567,17.4193548387
002469,4.0
002568,12.5483870968
002473,1.38709677419
002574,14.7096774194
002474,90.5483870968
002577,8.06451612903
002475,6.70967741935
002581,26.7741935484
002476,13.5483870968
002593,9.67741935484
002477,5.22580645161
002602,5.16129032258
002479,9.32258064516
002606,3.90322580645
002480,25.5483870968
002609,4.74193548387
002485,4.22580645161
002614,14.0322580645
002484,8.64516129032
000034,9.09677419355
002619,6.32258064516
002491,4.35483870968
002620,5.90322580645
002492,3.12903225806
002626,2.8064516129
002497,13.1935483871
002628,20.0967741935
002500,16.5806451613
000055,8.16129032258
002631,3.12903225806
002502,7.29032258065
000056,16.9677419355
002632,4.87096774194
002505,24.8064516129
002642,6.93548387097
002507,2.25806451613
002643,5.54838709677
002516,3.51612903226
002645,4.67741935484
002518,14.9677419355
002646,20.7096774194
002540,6.61290322581
002650,5.16129032258
002550,4.22580645161
002651,4.8064516129
002551,8.1935483871
002653,3.8064516129
002556,20.9032258065
000099,30.6451612903
002654,2.38709677419
002557,12.8064516129
002664,2.45161290323
002560,7.64516129032
002674,4.51612903226
002564,25.4193548387
000156,10.1290322581
002676,3.67741935484
002563,4.48387096774
000157,67.0322580645
002681,12.0
002566,16.1290322581
000159,27.5483870968
002685,14.5161290323
002569,12.064516129
002692,13.1935483871
002584,4.35483870968
002696,6.41935483871
002585,10.9032258065
002695,12.3548387097
002589,2.58064516129
002697,27.8709677419
002594,23.6129032258
002701,18.4193548387
002596,9.0
002708,2.48387096774
002597,7.51612903226
002712,8.87096774194
002605,15.5161290323
000415,9.83870967742
002714,3.0
002604,9.41935483871
000416,3.83870967742
002718,9.51612903226
002603,16.7419354839
300005,30.6129032258
002616,6.54838709677
300009,6.16129032258
002615,11.0967741935
300022,20.3548387097
002625,8.06451612903
000420,5.22580645161
300023,3.48387096774
002629,39.4516129032
300024,29.935483871
002627,6.90322580645
300025,10.2903225806
002633,14.064516129
000502,0.0645161290323
300027,15.6451612903
002638,5.61290322581
300031,6.48387096774
002636,4.74193548387
300033,1.22580645161
002641,5.54838709677
300038,3.12903225806
002644,3.1935483871
300043,2.96774193548
002648,14.9032258065
300041,2.1935483871
002649,10.0967741935
000519,9.83870967742
300049,4.87096774194
002652,3.38709677419
300045,4.51612903226
002655,24.0322580645
000521,22.6774193548
300053,11.4516129032
002659,3.45161290323
300058,15.1935483871
002665,8.22580645161
300066,6.61290322581
002667,7.32258064516
300073,5.0
002668,31.2903225806
300077,20.3548387097
002670,12.0322580645
300083,4.03225806452
002672,2.77419354839
300084,4.48387096774
002671,7.93548387097
300085,3.03225806452
002677,7.48387096774
300088,10.4838709677
002680,3.06451612903
300089,10.7419354839
002687,6.51612903226
300091,0.967741935484
002688,4.54838709677
000542,0.0322580645161
300095,7.29032258065
002691,9.51612903226
000544,2.67741935484
300096,16.3548387097
002702,2.09677419355
300104,41.5806451613
002710,0.0322580645161
000549,0.0322580645161
300114,4.16129032258
002711,6.0
000545,1.67741935484
300115,7.1935483871
002715,15.4838709677
000550,10.064516129
300119,8.67741935484
002717,8.87096774194
000551,20.2580645161
300123,15.6129032258
002722,10.8709677419
300126,3.06451612903
002723,11.064516129
300128,18.8387096774
002726,30.5483870968
000557,4.64516129032
300134,7.35483870968
300001,7.58064516129
300135,2.67741935484
300011,8.87096774194
300136,3.41935483871
300034,9.58064516129
000561,14.1935483871
300143,17.3548387097
300042,8.41935483871
000566,5.25806451613
300145,5.35483870968
300048,6.38709677419
300147,5.41935483871
300056,6.0
000570,6.48387096774
300152,15.4516129032
300057,4.90322580645
300151,1.38709677419
300059,24.064516129
300156,8.96774193548
300061,4.25806451613
300160,1.90322580645
300065,11.3870967742
300162,6.1935483871
300067,8.77419354839
000590,5.09677419355
300165,5.67741935484
300068,10.8064516129
000591,1.77419354839
300170,11.4838709677
300074,11.8387096774
000593,5.87096774194
300177,7.87096774194
300075,10.1612903226
300180,3.06451612903
300076,10.4516129032
300176,8.22580645161
300081,5.41935483871
300185,51.2258064516
300087,4.8064516129
000601,1.16129032258
300188,6.51612903226
300086,3.38709677419
000602,0.0645161290323
300193,8.45161290323
300092,3.90322580645
000603,10.5483870968
300199,3.0
300094,20.1935483871
300200,8.29032258065
300097,15.0967741935
000610,3.67741935484
300204,12.8064516129
300098,5.32258064516
300206,2.70967741935
300100,11.4193548387
300208,23.4838709677
300102,14.064516129
300210,1.93548387097
300103,4.48387096774
000617,3.93548387097
300214,14.2580645161
300106,8.12903225806
000620,10.6774193548
300216,15.2580645161
300109,0.612903225806
300222,1.1935483871
300117,6.90322580645
300224,6.77419354839
300121,11.064516129
300226,5.45161290323
300124,20.4193548387
300228,6.22580645161
300125,5.67741935484
000633,6.06451612903
300231,8.93548387097
300129,15.7741935484
000650,15.8387096774
300234,7.93548387097
300130,7.51612903226
300235,5.8064516129
300132,28.0
300244,1.58064516129
300140,7.48387096774
000660,0.0322580645161
300262,5.1935483871
300146,22.2903225806
300285,2.64516129032
300153,1.61290322581
000661,20.2580645161
300283,4.38709677419
300154,3.67741935484
000665,9.51612903226
300294,9.93548387097
300155,8.1935483871
000666,10.1290322581
300301,2.45161290323
300161,17.8709677419
000669,3.06451612903
300303,5.06451612903
300159,6.32258064516
300307,10.1290322581
300167,5.96774193548
300312,9.77419354839
300169,2.1935483871
000676,15.3225806452
300316,2.22580645161
300173,3.35483870968
000680,10.4516129032
300318,2.06451612903
300179,1.96774193548
300330,3.1935483871
300182,1.77419354839
000681,6.64516129032
300339,2.93548387097
300183,2.16129032258
300335,3.29032258065
300189,15.7096774194
300347,5.48387096774
300192,12.8709677419
000696,0.225806451613
300351,4.25806451613
300198,5.8064516129
000700,22.4516129032
300352,2.45161290323
300196,4.54838709677
000697,16.2903225806
300355,14.4516129032
300202,2.06451612903
000707,25.1935483871
300359,3.06451612903
300207,5.64516129032
300360,5.03225806452
300217,7.12903225806
000708,17.9032258065
300361,0.806451612903
300219,2.83870967742
000710,2.51612903226
300362,24.2580645161
300233,26.2580645161
000717,25.2580645161
300367,7.1935483871
300240,2.87096774194
000719,4.77419354839
300371,8.06451612903
300243,1.06451612903
000720,38.0
300373,9.41935483871
300247,9.90322580645
000723,12.2258064516
300377,10.2903225806
300248,4.45161290323
300384,9.96774193548
300260,2.90322580645
000726,6.87096774194
300389,7.83870967742
300263,2.58064516129
000728,28.8387096774
300390,8.0
300268,6.29032258065
000729,19.5161290323
300270,4.41935483871
000730,0.0322580645161
200019,0.322580645161
300272,7.41935483871
000732,3.54838709677
200024,0.967741935484
300276,4.25806451613
000733,6.16129032258
200025,0.58064516129
300279,5.83870967742
000735,68.3870967742
200026,0.58064516129
300278,2.64516129032
000736,6.93548387097
200029,0.225806451613
300290,15.4193548387
000739,17.5161290323
200037,0.645161290323
300293,4.38709677419
000753,15.9677419355
200056,0.387096774194
300297,1.41935483871
000755,13.3225806452
200055,0.806451612903
300298,5.35483870968
000759,5.25806451613
200152,1.90322580645
300306,2.74193548387
000761,14.4838709677
200488,0.354838709677
300309,2.58064516129
200521,0.354838709677
300314,4.87096774194
000767,14.8709677419
200539,0.645161290323
300315,7.48387096774
000768,63.3225806452
200530,0.548387096774
300319,2.90322580645
000778,25.8709677419
300321,5.41935483871
300325,22.0
000777,16.7741935484
300328,4.29032258065
000780,12.0
300338,7.93548387097
000783,33.6451612903
300333,6.87096774194
000789,21.0967741935
300334,3.70967741935
000788,7.41935483871
300341,3.25806451613
000785,3.54838709677
300342,16.5161290323
000791,16.5483870968
300344,7.96774193548
000798,10.1290322581
300345,0.612903225806
000812,29.5806451613
300343,5.67741935484
000815,53.8709677419
300353,4.22580645161
000813,7.22580645161
300354,8.03225806452
000810,7.77419354839
300358,30.8064516129
000816,19.9677419355
300357,6.61290322581
000819,34.6129032258
300363,6.35483870968
000821,14.6451612903
300366,5.74193548387
000820,49.0322580645
300368,3.29032258065
000825,76.1290322581
300376,21.2580645161
000823,19.935483871
300380,6.77419354839
000831,15.2903225806
300379,5.90322580645
300381,3.41935483871
000835,13.4838709677
300382,5.12903225806
000838,2.87096774194
300383,15.2258064516
000850,29.0
300385,7.96774193548
000839,25.3548387097
300387,5.38709677419
000852,24.5483870968
000856,5.29032258065
300391,10.064516129
000858,40.5161290323
000861,21.1612903226
000862,12.6774193548
200020,0.322580645161
200022,0.451612903226
000875,20.6451612903
000882,29.935483871
200045,0.290322580645
000881,24.9677419355
000886,15.6451612903
200053,0.967741935484
000889,11.6451612903
200054,2.03225806452
000887,4.29032258065
200168,0.225806451613
000890,18.064516129
200505,0.806451612903
000893,8.25806451613
200512,1.06451612903
000897,51.3548387097
200541,0.225806451613
000898,36.1612903226
200550,0.225806451613
000900,43.7419354839
200553,1.54838709677
000901,32.7096774194
200570,0.709677419355
000905,15.6451612903
200761,0.58064516129
000906,6.70967741935
200992,0.225806451613
000908,8.61290322581
000915,7.25806451613
000913,9.70967741935
000920,2.03225806452
000923,20.7741935484
000922,20.6129032258
000927,17.064516129
000930,26.0967741935
000931,17.5161290323
000933,13.2258064516
000938,22.9677419355
000949,49.4838709677
000952,16.2903225806
000953,6.0
000951,13.8064516129
000955,22.9032258065
000961,6.29032258065
000962,14.6129032258
000967,1.03225806452
000970,27.8064516129
000969,17.4838709677
000971,4.64516129032
000972,12.2903225806
000975,4.93548387097
000979,59.3870967742
000980,6.70967741935
000981,5.32258064516
000985,6.25806451613
000990,3.64516129032
000987,2.77419354839
000988,17.6129032258
000996,30.5806451613
000999,18.3548387097
001696,25.1612903226
001896,2.32258064516
002004,7.25806451613
002006,4.54838709677
002005,17.0
002007,22.4193548387
002008,49.3870967742
002010,3.25806451613
002011,21.5483870968
002013,7.09677419355
002012,9.67741935484
002018,7.35483870968
002020,3.22580645161
002023,11.7419354839
002024,69.4193548387
002028,19.8709677419
002025,13.9032258065
002026,2.70967741935
002032,8.74193548387
002034,6.67741935484
002030,71.3548387097
002029,8.8064516129
002037,5.58064516129
002038,13.4838709677
002040,7.61290322581
002041,4.03225806452
002047,19.2258064516
002051,9.41935483871
002052,23.2258064516
002058,3.96774193548
002057,11.8387096774
002059,2.58064516129
002060,12.1935483871
002061,8.0
002062,9.09677419355
002063,14.2580645161
002064,16.7741935484
002065,8.09677419355
002070,12.0
002073,23.9677419355
002074,46.0322580645
002078,13.935483871
002079,11.1290322581
002080,9.22580645161
002086,11.0967741935
002087,9.8064516129
002089,7.06451612903
002090,4.35483870968
002093,18.8387096774
002095,15.2903225806
002097,13.2258064516
002098,2.45161290323
002104,15.4193548387
002109,5.64516129032
002108,12.3870967742
002116,5.12903225806
002117,5.83870967742
002119,6.0
002120,5.51612903226
002126,4.90322580645
002127,3.61290322581
002130,19.8709677419
002132,10.1290322581
002133,2.96774193548
002131,4.54838709677
002137,8.74193548387
002136,17.7096774194
002139,10.4516129032
002141,2.54838709677
002143,16.0322580645
002144,11.6451612903
002145,20.4516129032
002150,5.96774193548
002151,14.4838709677
002156,5.1935483871
002163,53.1290322581
002164,4.93548387097
002165,12.6774193548
002166,56.9677419355
002168,29.1935483871
002171,9.70967741935
002172,3.06451612903
002176,10.2580645161
002178,5.45161290323
002180,5.06451612903
002182,20.7096774194
002183,37.2580645161
002185,16.6129032258
002189,38.0322580645
002190,94.0322580645
002191,10.4838709677
002196,4.54838709677
002197,6.48387096774
002198,19.0967741935
002201,5.93548387097
002202,17.935483871
002203,4.54838709677
002200,20.8064516129
002204,28.8064516129
002205,8.41935483871
002210,1.09677419355
002208,3.22580645161
002211,3.25806451613
002215,4.93548387097
002219,10.5806451613
002221,3.41935483871
002226,8.12903225806
002228,4.51612903226
002234,6.90322580645
002236,26.6451612903
002240,50.4193548387
002239,8.09677419355
002238,7.96774193548
002242,7.90322580645
002245,3.58064516129
002248,13.4193548387
002257,0.0322580645161
002261,39.4193548387
002259,16.9032258065
002260,2.25806451613
002263,24.2580645161
002265,4.77419354839
002269,42.7419354839
002271,7.70967741935
002272,19.0322580645
002276,15.0322580645
002281,9.87096774194
002286,13.1935483871
002287,6.70967741935
002288,5.32258064516
002291,11.4516129032
002292,9.74193548387
002295,2.09677419355
002297,10.7096774194
002298,5.87096774194
002299,7.0
002302,8.83870967742
002301,1.93548387097
002305,17.4516129032
002306,60.1290322581
002311,5.22580645161
002312,12.0322580645
002313,18.0322580645
002314,10.1290322581
002315,15.6129032258
002318,3.74193548387
002320,6.48387096774
002322,2.03225806452
002323,5.29032258065
002326,8.83870967742
002325,19.2258064516
002328,7.58064516129
002331,6.06451612903
002330,12.0967741935
002332,11.1935483871
002333,8.93548387097
002334,13.8064516129
002339,9.22580645161
002341,2.25806451613
002344,29.6451612903
002346,22.1935483871
002347,6.12903225806
002348,10.064516129
002349,3.03225806452
002352,3.0
002350,6.12903225806
002354,3.93548387097
002353,39.6451612903
002355,15.2903225806
002356,0.967741935484
002351,9.12903225806
002358,18.2258064516
002360,6.51612903226
002362,21.064516129
002361,5.96774193548
002363,12.0322580645
002366,11.064516129
002370,3.38709677419
002369,14.6451612903
002374,14.7741935484
002376,11.0322580645
002378,5.74193548387
002377,2.70967741935
002380,3.09677419355
002382,5.29032258065
002383,7.87096774194
002384,2.96774193548
002386,9.03225806452
002387,5.06451612903
002390,10.5161290323
002392,8.25806451613
002393,11.0322580645
002400,9.41935483871
002403,9.90322580645
002404,26.0967741935
002408,25.1290322581
002407,18.7741935484
002411,5.77419354839
002413,6.41935483871
002412,4.16129032258
002410,38.4193548387
002415,20.2258064516
002416,14.8064516129
002417,3.77419354839
002420,29.3225806452
002421,2.06451612903
002423,16.0
002422,17.5483870968
002426,2.41935483871
002424,37.935483871
002427,8.87096774194
002425,6.41935483871
002428,32.5161290323
002429,13.5161290323
002431,14.7096774194
002432,15.8064516129
002433,10.5806451613
002438,5.83870967742
002435,9.35483870968
002437,15.5806451613
002442,2.48387096774
002443,10.8709677419
002447,6.64516129032
002451,13.6451612903
002453,8.93548387097
002455,4.8064516129
002457,17.0322580645
002458,1.32258064516
002459,5.70967741935
002461,3.1935483871
002462,4.96774193548
002463,23.7741935484
002471,4.09677419355
002478,7.93548387097
002481,5.48387096774
002482,9.03225806452
002483,4.03225806452
002486,54.064516129
002489,10.7419354839
002488,6.64516129032
002490,12.7741935484
002493,10.7741935484
002494,7.35483870968
002495,1.74193548387
002496,4.74193548387
002498,7.96774193548
002499,12.7419354839
002501,13.7741935484
002506,63.9677419355
002509,1.64516129032
002514,5.09677419355
002515,4.90322580645
002519,7.48387096774
002521,11.935483871
002520,5.41935483871
002524,22.2903225806
002522,12.5806451613
002526,30.4193548387
002527,9.83870967742
002528,26.4838709677
002531,5.09677419355
002532,6.93548387097
002533,7.0
002536,4.41935483871
002534,4.48387096774
002535,21.0967741935
002537,3.93548387097
002538,5.87096774194
002539,2.16129032258
002542,10.9677419355
002543,8.70967741935
002544,6.32258064516
002547,6.38709677419
002549,3.0
002548,16.5806451613
002554,11.8064516129
002555,6.8064516129
002561,4.48387096774
002559,4.12903225806
002562,4.16129032258
002565,15.7419354839
002571,21.7096774194
002570,37.5806451613
002572,3.8064516129
002575,11.5483870968
002573,18.2258064516
002576,7.67741935484
002579,1.93548387097
002578,6.8064516129
002580,4.74193548387
002582,23.4516129032
002583,22.7741935484
002587,7.06451612903
002586,5.90322580645
002588,7.35483870968
002592,10.8387096774
002590,7.51612903226
002591,29.6129032258
002595,11.0322580645
002601,15.4838709677
002598,14.2580645161
002600,18.7741935484
002599,2.09677419355
002607,10.3548387097
002608,8.93548387097
002610,8.22580645161
002611,3.12903225806
002612,5.74193548387
002613,7.48387096774
002617,12.4516129032
002618,5.09677419355
002621,5.93548387097
002622,6.8064516129
002623,11.8387096774
002624,18.4516129032
002630,3.12903225806
002634,2.93548387097
002635,15.935483871
002637,12.6129032258
002639,3.35483870968
002640,17.4838709677
002647,5.96774193548
002656,18.0322580645
002657,5.25806451613
002658,19.9677419355
002660,4.48387096774
002661,6.41935483871
002662,15.5806451613
002663,15.8387096774
002666,8.77419354839
002669,12.064516129
002673,23.1612903226
002675,3.70967741935
002678,14.935483871
002679,10.6774193548
002682,11.2580645161
002683,3.38709677419
002684,2.83870967742
002686,9.90322580645
002690,2.96774193548
002689,5.90322580645
002693,7.29032258065
002694,5.32258064516
002698,5.8064516129
002700,5.1935483871
002699,5.54838709677
002703,2.93548387097
002705,10.3225806452
002706,15.8387096774
002707,13.4193548387
002709,7.51612903226
002713,5.32258064516
002716,12.2580645161
002719,10.4838709677
002720,0.0967741935484
002725,10.0322580645
002721,22.935483871
002728,5.83870967742
002727,11.5806451613
300002,7.38709677419
300004,8.96774193548
300006,2.25806451613
300003,4.38709677419
300007,2.77419354839
300008,4.51612903226
300010,1.38709677419
300013,1.38709677419
300014,12.2903225806
300012,6.64516129032
300015,3.61290322581
300016,3.74193548387
300017,32.0
300019,1.64516129032
300018,3.25806451613
300020,13.4838709677
300021,11.4516129032
300026,4.64516129032
300029,9.32258064516
300030,10.064516129
300028,15.5483870968
300032,13.6129032258
300035,8.58064516129
300037,1.22580645161
300036,6.8064516129
300039,12.6129032258
300040,6.1935483871
300047,13.0
300044,10.2903225806
300046,4.25806451613
300050,8.48387096774
300051,19.8064516129
300052,13.2258064516
300055,5.29032258065
300054,8.93548387097
300060,0.0322580645161
300062,7.32258064516
300063,5.77419354839
300064,17.3225806452
300069,2.70967741935
300071,4.61290322581
300072,3.06451612903
300078,3.64516129032
300079,15.1935483871
300070,15.3548387097
300080,11.2903225806
300082,5.41935483871
300090,6.8064516129
300093,13.0
300099,6.87096774194
300101,10.3225806452
300105,6.87096774194
300108,9.09677419355
300107,3.35483870968
300110,12.2258064516
300111,25.9677419355
300112,2.96774193548
300113,4.35483870968
300116,12.5806451613
300118,14.3870967742
300120,6.70967741935
300122,1.74193548387
300127,7.93548387097
300131,24.7741935484
300133,32.4193548387
300138,3.77419354839
300137,31.4193548387
300139,11.8387096774
300142,10.2580645161
300141,4.8064516129
300144,14.8387096774
300148,9.06451612903
300149,9.51612903226
300150,14.7419354839
300158,21.8387096774
300157,43.8709677419
300163,8.16129032258
300164,5.8064516129
300166,7.03225806452
300168,5.87096774194
300171,2.41935483871
300174,9.93548387097
300172,5.96774193548
300175,36.0
300178,14.7096774194
300181,19.1935483871
300184,4.1935483871
300186,7.32258064516
300187,8.03225806452
300191,29.8709677419
300190,4.74193548387
300194,1.25806451613
300195,5.25806451613
300197,4.61290322581
300201,16.8387096774
300203,11.3870967742
300205,6.32258064516
300211,3.87096774194
300209,1.87096774194
300213,7.93548387097
300212,11.8709677419
300215,4.35483870968
300218,2.48387096774
300221,8.22580645161
300220,21.4193548387
300223,12.2580645161
300225,3.54838709677
300227,13.3548387097
300229,9.77419354839
300230,0.774193548387
300232,10.7096774194
300236,2.0
300237,3.03225806452
300239,7.70967741935
300238,8.06451612903
300241,6.38709677419
300242,5.45161290323
300246,2.8064516129
300245,7.1935483871
300249,7.09677419355
300250,5.8064516129
300251,23.7096774194
300253,17.5806451613
300252,1.87096774194
300254,4.32258064516
300255,4.45161290323
300256,1.41935483871
300257,12.0
300258,3.48387096774
300259,1.03225806452
300261,1.58064516129
300264,4.0
300265,2.77419354839
300267,2.32258064516
300266,4.16129032258
300269,6.93548387097
300271,7.48387096774
300273,28.1290322581
300274,21.6451612903
300275,3.93548387097
300277,5.29032258065
300280,1.54838709677
300284,5.77419354839
300282,3.54838709677
300281,2.67741935484
300287,10.4193548387
300286,4.93548387097
300288,6.16129032258
300289,6.32258064516
300291,6.25806451613
300292,2.58064516129
300296,5.64516129032
300295,9.1935483871
300299,1.87096774194
300300,7.03225806452
300302,2.8064516129
300304,12.064516129
300305,1.1935483871
300308,6.64516129032
300311,8.54838709677
300310,0.935483870968
300313,6.90322580645
300317,6.41935483871
300320,5.38709677419
300323,8.96774193548
300322,10.8709677419
300324,2.90322580645
300326,0.290322580645
300327,5.41935483871
300329,7.90322580645
300331,6.96774193548
300332,4.38709677419
300337,11.8709677419
300336,8.64516129032
300340,9.0
300346,9.54838709677
300348,1.16129032258
300349,6.48387096774
300350,2.38709677419
300356,7.22580645161
300365,3.64516129032
300370,6.48387096774
300369,12.3225806452
300372,1.83870967742
300375,18.7419354839
300378,11.4193548387
300386,19.6451612903
300388,7.22580645161
200018,2.1935483871
200028,0.58064516129
200030,0.129032258065
200057,0.0645161290323
200058,0.451612903226
200160,1.09677419355
200413,8.58064516129
200429,0.354838709677
200418,0.483870967742
200468,1.0
200513,0.0645161290323
200581,0.225806451613
200596,0.903225806452
200613,0.290322580645
200706,0.709677419355
200625,0.967741935484
200725,6.16129032258
200770,2.93548387097
200771,5.38709677419
200726,0.516129032258
200869,0.58064516129
200986,0.483870967742
