600001
600009
600003
600002
600004
600035
600007
600052
600012
600055
600011
600076
600077
600081
600086
600094
600090
600097
600091
600092
600099
600102
600114
600105
600051
600112
600053
600121
600054
600061
600126
600065
600205
600211
600178
600179
600083
600223
600085
600231
600232
600197
600243
600218
600250
600233
600242
600107
600282
600253
600258
600113
600296
600263
600276
600136
600137
600281
600283
600337
600297
600305
600306
600156
600379
600329
600165
600335
600167
600345
600173
600358
600419
600356
600423
600366
600420
600365
600181
600438
600187
600188
600448
600377
600396
600192
600462
600476
600201
600444
600461
600513
600477
600479
600213
600215
600535
600560
600226
600571
600505
600229
600235
600594
600236
600240
600612
600540
600613
600241
600248
600632
600557
600558
600559
600655
600566
600659
600660
600577
600272
600672
600278
600681
600286
600287
600610
600710
600615
600295
600712
600623
600298
600714
600303
600301
600631
600302
600716
600307
600722
600318
600763
600671
600338
600768
600674
600774
600687
600780
600357
600689
600697
600370
600788
600696
600796
600794
600707
600378
600719
600721
600838
600845
600847
600731
600393
600860
600749
600403
600876
600415
600416
600890
600766
600421
600892
600769
600894
600897
600798
600969
600446
600971
600452
600976
600813
600455
600814
600459
600981
600992
600824
600475
601058
600478
601107
600842
600850
600487
600849
600490
601222
600856
600857
600493
600496
600499
601313
600500
600865
600508
600511
601601
600517
600520
600966
600986
600530
600532
601005
600538
600539
600543
603005
601028
600548
900903
601100
900911
600552
900915
600553
900918
600561
900922
601126
600562
900923
601139
900924
900929
600569
900931
600572
900933
601199
600573
900938
900942
601231
600580
900947
601388
900946
900948
900955
900956
601566
600589
600593
000014
600600
601877
000027
600604
600605
000035
600607
600608
603003
000048
600618
603308
600619
600617
603688
600621
900904
600625
900916
600627
900919
900925
900927
000406
900928
600638
000419
900935
900943
900945
900951
600644
900950
900953
900952
600650
600651
000517
000526
000019
600661
000543
000040
000548
600669
000555
600678
600679
000573
000583
000586
000096
600693
000608
600700
000615
600702
000619
000638
000639
600724
000655
000515
600733
000658
600735
000523
000673
600738
000678
000688
000558
600745
000691
000560
000695
600746
600754
000713
000715
000578
000711
000584
600771
600772
000757
000605
000766
600781
000618
600782
000787
000796
600792
000663
600793
600799
000672
600803
000685
000693
600806
000702
600810
000860
600815
000712
000876
000716
600818
000880
000722
600821
000885
000748
000910
000925
000779
000782
600840
000795
600841
000805
600848
000968
000811
000828
000848
600866
002009
000859
002015
600873
002017
000888
002016
600878
002019
000903
600884
000909
600882
000916
600888
000919
002044
002054
000929
600960
000939
600961
000950
002082
600975
000963
002084
600980
600982
000976
600984
600985
000995
002002
600990
002113
002003
600991
002021
600993
002121
002124
002035
600998
002128
002129
601003
002134
002050
601011
002147
601101
002153
002072
002157
601137
002159
002081
002085
002088
002173
002096
002100
002103
002184
002101
002110
002188
002111
601339
002112
601518
002207
601567
002216
002125
002217
002140
601599
002227
002152
601616
002158
002160
002243
601700
002249
002253
002262
601789
002270
002213
002214
601801
002293
002223
601888
002300
002231
002316
002324
002247
002327
002250
601929
002255
002343
002368
002367
002267
002371
002268
603008
002373
002273
002275
002381
002279
002391
002282
002397
002284
603366
002296
002406
002304
002303
603399
002419
002434
002436
900902
002439
002317
900901
002444
603993
002445
002321
900907
002446
002335
900906
002337
900905
002338
900908
002452
002345
900909
002357
900910
002364
900912
002464
900913
002470
002372
900914
002472
900917
900920
002503
900921
002504
002395
900926
900932
002508
900930
002402
900934
002512
002401
900936
900939
002517
900937
002418
900941
002525
002430
900940
002441
002529
002541
900957
002552
002466
002553
002558
002468
002469
002473
002577
002475
002593
002477
002602
002479
002606
002609
002485
002484
000034
002619
002491
002620
002492
002626
000055
002631
002502
002632
002642
002507
002643
002516
002645
002540
002650
002550
002651
002551
002653
002654
002664
002560
002674
002676
002563
002584
002696
002589
002596
002708
002597
002712
000415
002714
002604
000416
002718
002616
300009
002625
000420
300023
002627
000502
002638
300031
002636
300033
002641
300038
002644
300043
300041
000519
300049
002652
300045
002659
002665
300066
002667
300073
300083
002672
300084
002671
300085
002677
002680
002687
300091
002688
000542
300095
002691
000544
002702
002710
000549
300114
002711
000545
300115
300119
002717
300126
000557
300134
300001
300135
300011
300136
300034
300042
000566
300145
300048
300147
300056
000570
300057
300151
300156
300061
300160
300162
300067
000590
300165
000591
000593
300177
300180
300176
300081
300087
000601
300188
300086
000602
300193
300092
300199
300200
000610
300098
300206
300210
300103
000617
300106
300109
300222
300117
300224
300226
300228
300125
000633
300231
300234
300130
300235
300244
300140
000660
300262
300285
300153
300283
300154
000665
300294
300155
300301
000669
300303
300159
300167
300312
300169
300316
300173
300318
300179
300330
300182
000681
300339
300183
300335
300347
000696
300351
300198
300352
300196
300202
300359
300207
300360
300217
300361
300219
000710
300367
300240
000719
300371
300243
300373
300247
300248
300384
300260
000726
300389
300263
300390
300268
300270
000730
200019
300272
000732
200024
300276
000733
200025
300279
200026
300278
000736
200029
200037
300293
200056
300297
200055
300298
000759
200152
300306
200488
300309
200521
300314
200539
300315
200530
300319
300321
300328
300338
300333
300334
000788
300341
000785
300344
300345
300343
300353
000813
300354
000810
300357
300363
300366
300368
300380
300379
300381
300382
000838
300385
300387
000856
200020
200022
200045
200053
200054
000887
200168
200505
000893
200512
200541
200550
200553
200570
200761
000906
200992
000908
000915
000913
000920
000953
000961
000967
000971
000975
000980
000981
000985
000990
000987
001896
002004
002006
002010
002013
002012
002018
002020
002026
002032
002034
002029
002037
002040
002041
002051
002058
002059
002061
002062
002065
002080
002087
002089
002090
002098
002109
002116
002117
002119
002120
002126
002127
002133
002131
002137
002141
002150
002156
002164
002171
002172
002178
002180
002196
002197
002201
002203
002205
002210
002208
002211
002215
002221
002226
002228
002234
002239
002238
002242
002245
002257
002260
002265
002271
002281
002287
002288
002292
002295
002298
002299
002302
002301
002311
002318
002320
002322
002323
002326
002328
002331
002333
002339
002341
002347
002349
002352
002350
002354
002356
002351
002360
002361
002370
002378
002377
002380
002382
002383
002384
002386
002387
002392
002400
002403
002411
002413
002412
002417
002421
002426
002427
002425
002438
002435
002442
002447
002453
002455
002458
002459
002461
002462
002471
002478
002481
002482
002483
002488
002494
002495
002496
002498
002509
002514
002515
002519
002520
002527
002531
002532
002533
002536
002534
002537
002538
002539
002543
002544
002547
002549
002555
002561
002559
002562
002572
002576
002579
002578
002580
002587
002586
002588
002590
002599
002608
002610
002611
002612
002613
002618
002621
002622
002630
002634
002639
002647
002657
002660
002661
002666
002675
002683
002684
002686
002690
002689
002693
002694
002698
002700
002699
002703
002709
002713
002720
002728
300002
300004
300006
300003
300007
300008
300010
300013
300012
300015
300016
300019
300018
300026
300029
300035
300037
300036
300040
300046
300050
300055
300054
300060
300062
300063
300069
300071
300072
300078
300082
300090
300099
300105
300108
300107
300112
300113
300120
300122
300127
300138
300141
300148
300149
300163
300164
300166
300168
300171
300174
300172
300184
300186
300187
300190
300194
300195
300197
300205
300211
300209
300213
300215
300218
300221
300225
300229
300230
300236
300237
300239
300238
300241
300242
300246
300245
300249
300250
300252
300254
300255
300256
300258
300259
300261
300264
300265
300267
300266
300269
300271
300275
300277
300280
300284
300282
300281
300286
300288
300289
300291
300292
300296
300295
300299
300300
300302
300305
300308
300311
300310
300313
300317
300320
300323
300324
300326
300327
300329
300331
300332
300336
300340
300346
300348
300349
300350
300356
300365
300370
300372
300388
200018
200028
200030
200057
200058
200160
200413
200429
200418
200468
200513
200581
200596
200613
200706
200625
200725
200770
200771
200726
200869
200986
