600018
600037
600056
600008
600057
600059
600066
600079
600087
600084
600026
600027
600103
600117
600122
600135
600064
600153
600131
600067
600129
600070
600182
600073
600171
600210
600176
600075
600222
600080
600180
600185
600190
600234
600246
600098
600104
600106
600268
600292
600265
600115
600267
600119
600312
600128
600323
600285
600289
600333
600346
600350
600311
600155
600367
600159
600372
600163
600383
600340
600168
600386
600170
600387
600392
600354
600172
600359
600183
600428
600184
600432
600186
600439
600189
600449
600395
600398
600195
600406
600408
600481
600425
600506
600510
600460
600206
600512
600207
600533
600483
600485
600486
600217
600551
600497
600498
600501
600568
600502
600230
600523
600556
600251
600252
600257
600565
600259
600656
600262
600266
600269
600579
600279
600280
600592
600284
600680
600699
600291
600293
600300
600715
600626
600628
600636
600637
600308
600725
600640
600309
600747
600750
600657
600761
600658
600758
600667
600326
600331
600764
600673
600675
600682
600683
600351
600778
600353
600783
600360
600785
600371
600695
600369
600706
600807
600713
600385
600817
600389
600839
600723
600728
600730
600397
600732
600399
600740
600401
600741
600753
600422
600426
600429
600895
600433
600436
600802
600819
600463
600987
600468
600999
600827
601010
600833
600488
601179
600853
600491
601238
600855
600861
600864
600507
600867
601369
600872
600877
600883
600886
600515
600889
600898
601678
601798
601886
600995
601006
601012
603100
601113
600563
601177
601188
601208
601218
600581
600582
601515
601519
600587
601636
600595
601800
601799
000018
600602
601928
601958
601965
603001
600609
603002
603077
600616
603123
603288
000069
603333
603699
600622
000155
600639
600641
000006
600654
000525
600663
000533
000537
600665
600668
000546
600676
600686
600685
000089
600698
000421
600704
000422
600708
600727
000657
600734
000677
600742
600743
600744
600748
000565
000698
600759
000718
600760
000737
000752
600773
000758
600775
000606
600779
000786
600784
000628
000629
000635
000797
000807
000822
000690
000833
600809
600812
000705
000878
000727
000731
600826
000892
600828
000899
000750
600830
000760
600832
000911
600831
000918
600834
600835
600836
000932
000937
000801
600843
000948
000803
600844
000958
000966
600854
000978
600858
000982
000983
000993
600869
600870
000863
600874
000869
000902
002027
600885
002031
000912
002033
002036
000917
002039
000921
600896
002056
000935
002068
000936
002069
002071
600963
002075
000959
002083
600979
002091
000973
600983
002099
000989
000997
600988
002107
600997
002043
002048
601007
002142
002049
002053
601038
002055
601098
002149
002066
002154
601116
002077
601158
601169
002094
002174
002102
601268
601311
002186
601328
601336
002192
002194
601398
002206
002114
601555
002212
601579
002138
002225
002232
601628
601633
002162
601666
002169
002244
002175
601677
002179
002251
002187
002195
601688
002193
601717
002199
002209
601808
002278
002218
002285
002222
601872
002290
002220
002289
002224
002294
601890
601908
002329
002336
002252
601988
601991
002342
002256
601996
002258
002359
002264
601999
603009
603167
002385
603126
002388
002280
603128
603168
002398
603369
002414
603609
002308
002319
002465
002365
002487
002394
002510
002396
002399
002513
002405
002409
002523
002530
002450
002545
002454
002546
002460
002467
002567
002568
002574
002476
002614
002497
002500
000056
002518
002557
000156
002681
002566
002685
002569
002692
002585
002695
002701
002605
002603
002615
300025
002633
300027
002648
002649
300053
300058
002670
300088
300089
300096
002715
000550
300123
002722
002723
300128
000561
300143
300152
300065
300068
300170
300074
300075
300076
000603
300097
300204
300100
300102
300214
000620
300216
300121
300129
000650
000666
300161
300307
000676
000680
300189
300192
000697
300355
000708
000723
300377
000729
300290
000739
000753
000755
000761
000767
000777
000780
300342
000791
000798
000816
000821
000823
000831
000835
300383
300391
000862
000886
000889
000890
000905
000927
000931
000933
000952
000951
000962
000969
000972
000988
000999
002005
002023
002028
002025
002038
002047
002057
002060
002063
002064
002070
002078
002079
002086
002093
002095
002097
002104
002108
002130
002132
002136
002139
002143
002144
002151
002165
002176
002185
002191
002198
002202
002219
002248
002259
002272
002276
002286
002291
002297
002305
002312
002313
002314
002315
002325
002330
002332
002334
002348
002355
002358
002363
002366
002369
002374
002376
002390
002393
002407
002416
002423
002422
002429
002431
002432
002433
002437
002443
002451
002457
002489
002490
002493
002499
002501
002521
002522
002542
002548
002554
002565
002575
002573
002592
002595
002601
002598
002600
002607
002617
002623
002624
002635
002637
002640
002656
002658
002662
002663
002669
002678
002679
002682
002705
002706
002707
002716
002719
002725
002727
300014
300020
300021
300030
300028
300032
300039
300047
300044
300051
300052
300064
300079
300070
300080
300093
300101
300110
300116
300118
300139
300142
300144
300150
300178
300181
300201
300203
300212
300223
300227
300232
300253
300257
300287
300304
300322
300337
300369
300375
300378
300386
