600015
600022
600028
600033
600039
600143
600132
600166
600219
600238
600288
600110
600118
600127
600273
600146
600152
600151
600361
600160
600363
600467
600409
600200
600480
600495
600503
600469
600525
600519
600239
600597
600624
600718
600729
600653
600321
600322
600343
600388
600891
600795
600978
601000
600837
601117
601216
601225
601588
600518
600526
600973
601002
600545
601088
601099
601390
600588
600590
000012
600606
600611
000333
600652
000516
600662
000568
600691
600694
600703
600777
600797
000809
600811
000703
000868
000877
600823
000883
000738
000830
000851
600875
600900
600962
002105
601001
002067
601111
002155
601168
601186
002177
601318
002122
601558
002241
601818
601880
002310
601918
601998
002309
000002
000099
300005
002629
002668
002726
000720
000783
300358
000819
000898
000901
000996
002183
002189
002261
002353
002410
002424
002428
002526
002570
300017
300133
300137
300175
