600001
600009
600000
600010
600015
600003
600021
600018
600002
600022
600028
600004
600036
600031
600005
600037
600035
600006
600038
600050
600007
600056
600052
600008
600057
600058
600012
600059
600055
600011
600062
600060
600016
600071
600066
600020
600076
600077
600017
600081
600079
600019
600087
600082
600023
600086
600084
600026
600094
600090
600027
600097
600091
600029
600101
600092
600033
600099
600095
600030
600102
600103
600048
600114
600105
600039
600116
600109
600051
600117
600112
600053
600121
600120
600054
600122
600123
600061
600135
600125
600063
600143
600126
600065
600148
600132
600064
600153
600131
600067
600158
600129
600069
600161
600133
600068
600166
600149
600070
600182
600157
600072
600205
600162
600073
600211
600171
600074
600210
600176
600075
600222
600178
600078
600225
600179
600080
600227
600180
600083
600223
600185
600085
600231
600190
600088
600232
600197
600089
600234
600208
600093
600243
600218
600096
600246
600219
600100
600250
600233
600098
600255
600238
600104
600256
600237
600106
600261
600242
600107
600268
600247
600108
600282
600253
600111
600288
600258
600110
600290
600260
600113
600292
600265
600115
600296
600263
600118
600299
600267
600119
600312
600271
600127
600316
600273
600128
600320
600275
600130
600323
600276
600136
600327
600277
600137
600328
600281
600138
600332
600283
600139
600337
600285
600141
600336
600289
600145
600333
600297
600146
600339
600305
600150
600346
600306
600152
600350
600311
600151
600362
600310
600155
600361
600313
600156
600367
600315
600159
600372
600325
600160
600379
600329
600163
600380
600330
600165
600382
600335
600167
600383
600340
600168
600386
600345
600170
600387
600348
600169
600392
600354
600172
600400
600359
600173
600410
600358
600175
600419
600356
600177
600423
600366
600183
600420
600365
600181
600428
600363
600184
600432
600368
600186
600438
600375
600187
600439
600376
600188
600448
600377
600189
600449
600381
600191
600456
600396
600192
600458
600395
600193
600462
600398
600195
600467
600406
600196
600476
600408
600198
600481
600409
600200
600480
600418
600199
600495
600425
600201
600503
600444
600202
600506
600461
600203
600510
600460
600206
600512
600469
600207
600513
600477
600209
600525
600479
600212
600533
600483
600213
600536
600485
600215
600535
600486
600217
600551
600497
600216
600555
600498
600220
600560
600501
600221
600568
600502
600226
600571
600505
600228
600570
600519
600229
600583
600521
600230
600591
600523
600235
600594
600522
600236
600601
600528
600240
600612
600540
600239
600613
600547
600241
600630
600550
600248
600632
600556
600249
600635
600557
600251
600643
600558
600252
600649
600559
600257
600655
600565
600259
600656
600566
600262
600659
600576
600266
600660
600575
600269
600664
600577
600270
600666
600579
600272
600672
600585
600279
600670
600586
600280
600677
600592
600278
600681
600596
600284
600680
600597
600286
600692
600598
600287
600699
600610
600291
600709
600614
600293
600710
600615
600295
600712
600623
600298
600714
600624
600300
600715
600626
600303
600717
600628
600301
600718
600631
600302
600716
600636
600307
600722
600637
600308
600725
600640
600309
600729
600648
600318
600737
600646
600317
600747
600653
600319
600750
600657
600321
600761
600658
600322
600758
600667
600326
600763
600671
600331
600764
600673
600338
600765
600675
600343
600768
600674
600352
600776
600682
600355
600774
600683
600351
600778
600687
600353
600780
600684
600357
600783
600689
600360
600785
600697
600370
600788
600696
600371
600790
600695
600369
600796
600706
600373
600794
600707
600378
600807
600713
600385
600817
600719
600388
600829
600721
600389
600839
600723
600390
600838
600728
600391
600845
600730
600397
600847
600731
600393
600846
600732
600399
600860
600740
600401
600868
600741
600405
600871
600749
600403
600876
600752
600415
600879
600755
600416
600890
600753
600422
600891
600766
600421
600892
600769
600426
600894
600770
600429
600895
600795
600433
600897
600798
600435
600967
600800
600436
600969
600802
600446
600971
600808
600452
600976
600813
600455
600978
600814
600459
600981
600819
600463
600987
600822
600466
600992
600820
600468
600999
600824
600470
601000
600827
600472
601010
600833
600475
601058
600837
600478
601107
600842
600482
601117
600850
600487
601166
600849
600488
601179
600851
600489
601216
600853
600490
601222
600856
600491
601225
600857
600493
601238
600855
600496
601288
600861
600499
601313
600864
600500
601299
600865
600507
601333
600867
600508
601369
600872
600509
601377
600877
600511
601588
600880
600518
601601
600883
600517
601618
600886
600515
601608
600889
600516
601668
600898
600520
601678
600965
600526
601727
600966
600529
601718
600973
600527
601798
600986
600530
601886
600995
600531
601898
601002
600532
601899
601005
600537
601933
601006
600538
601992
601009
600539
603000
601008
600543
603005
601012
600545
603100
601028
600546
603328
601088
600548
601100
600549
601099
600552
601113
600553
601118
600561
601126
600562
601139
600563
601177
600567
601188
600569
601208
600572
601199
600573
601218
600578
601231
600580
601388
600581
601390
600582
601515
600584
601519
600587
601566
600588
601607
600589
601636
600590
601766
600593
601788
600595
601800
600599
601799
600600
601866
600602
601877
600603
601928
600604
601958
600605
601965
600606
601989
600607
603001
600608
603003
600609
603002
600611
603077
600616
603123
600618
603308
600620
603288
600619
603333
600617
603688
600621
603699
600622
600625
600627
600629
600633
600634
600638
600639
600641
600642
600644
600645
600647
600650
600651
600652
600654
600661
600663
600662
600665
600668
600669
600676
600678
600679
600686
600685
600688
600690
600691
600693
600694
600698
600700
600702
600701
600703
600704
600705
600708
600711
600720
600724
600726
600727
600733
600735
600734
600736
600738
600739
600742
600743
600744
600745
600748
600746
600751
600754
600756
600759
600757
600760
600762
600767
600771
600772
600773
600775
600777
600779
600781
600782
600784
600786
600787
600789
600791
600792
600793
600797
600799
600803
600801
600804
600805
600806
600809
600811
600810
600812
600815
600816
600818
600821
600823
600825
600826
600828
600830
600832
600831
600834
600835
600836
600840
600843
600841
600844
600848
600852
600854
600858
600859
600862
600863
600866
600869
600870
600874
600873
600875
600878
600881
600885
600884
600882
600887
600888
600893
600896
600900
600899
600960
600962
600961
600963
600970
600975
600979
600980
600982
600983
600984
600985
600988
600990
600991
600993
600997
600998
601001
601003
601007
601011
601018
601038
601098
601101
601106
601111
601116
601137
601158
601168
601169
601186
601233
601268
601258
601311
601318
601328
601336
601339
601398
601518
601555
601567
601579
601558
601600
601599
601616
601628
601633
601666
601669
601677
601699
601700
601688
601717
601789
601777
601808
601801
601818
601872
601857
601880
601888
601890
601901
601918
601919
601908
601929
601939
601988
601991
601996
601998
601999
603006
603009
603008
603099
603111
603167
603126
603128
603168
603366
603369
603555
603399
603609
603766
603993
900903
900904
900902
900911
900916
900901
900915
900919
900907
900918
900925
900906
900922
900927
900905
900923
900928
900908
900924
900935
900909
900929
900943
900910
900931
900945
900912
900933
900951
900913
900938
900950
900914
900942
900953
900917
900947
900952
900920
900946
900921
900948
900926
900955
900932
900956
900930
900934
900936
900939
900937
900941
900940
900949
900957
000007
000006
000001
000010
000005
000002
000012
000017
000003
000014
000019
000004
000013
000020
000008
000015
000023
000009
000018
000025
000011
000022
000040
000016
000027
000043
000021
000028
000047
000024
000033
000049
000026
000035
000058
000030
000036
000063
000029
000038
000068
000031
000039
000088
000032
000042
000089
000034
000048
000090
000037
000066
000096
000046
000065
000300
000045
000069
000158
000055
000100
000338
000056
000151
000402
000050
000155
000404
000059
000333
000409
000060
000400
000421
000061
000401
000422
000062
000403
000423
000070
000406
000425
000078
000419
000428
000099
000426
000501
000150
000488
000503
000153
000498
000509
000156
000505
000515
000157
000507
000518
000159
000510
000522
000301
000514
000523
000405
000517
000535
000407
000516
000531
000408
000526
000536
000410
000525
000539
000411
000533
000554
000412
000537
000558
000415
000543
000560
000416
000548
000565
000413
000546
000564
000417
000555
000572
000418
000552
000581
000420
000563
000578
000430
000568
000582
000429
000573
000585
000502
000583
000584
000504
000586
000587
000506
000588
000594
000508
000598
000597
000511
000607
000599
000513
000608
000600
000519
000615
000605
000520
000619
000606
000521
000622
000611
000524
000626
000618
000527
000627
000623
000528
000636
000625
000530
000638
000628
000529
000639
000629
000532
000653
000635
000534
000652
000637
000538
000655
000663
000540
000657
000668
000541
000658
000675
000542
000659
000672
000544
000667
000683
000547
000673
000685
000549
000677
000690
000545
000678
000693
000550
000682
000692
000551
000687
000701
000553
000688
000702
000556
000691
000703
000557
000695
000705
000559
000698
000712
000562
000699
000716
000561
000713
000722
000566
000715
000727
000567
000711
000731
000570
000718
000738
000569
000721
000748
000571
000737
000750
000576
000751
000760
000589
000752
000763
000590
000756
000776
000591
000758
000779
000593
000757
000782
000592
000762
000793
000595
000766
000801
000596
000786
000795
000601
000787
000803
000602
000790
000805
000603
000792
000806
000609
000799
000811
000610
000796
000817
000612
000800
000828
000613
000802
000829
000616
000797
000830
000617
000807
000848
000620
000809
000851
000621
000818
000859
000631
000822
000863
000630
000826
000869
000632
000827
000888
000633
000833
000895
000650
000837
000902
000651
000836
000903
000656
000860
000912
000660
000868
000909
000662
000877
000916
000661
000876
000917
000665
000880
000919
000666
000878
000921
000669
000883
000926
000671
000885
000929
000670
000892
000935
000676
000899
000936
000680
000910
000939
000679
000911
000950
000681
000918
000960
000686
000925
000959
000689
000928
000963
000696
000932
000965
000700
000937
000973
000697
000948
000976
000707
000957
000989
000709
000958
000997
000708
000966
000995
000710
000968
002002
000717
000978
002003
000719
000977
002021
000720
000982
002022
000723
000983
002035
000725
000993
002043
000726
000998
002045
000728
002009
002048
000729
002014
002050
000730
002015
002049
000732
002017
002053
000733
002016
002055
000735
002019
002066
000736
002027
002067
000739
002031
002072
000753
002033
002076
000755
002036
002077
000759
002042
002081
000761
002039
002085
000765
002044
002088
000767
002046
002094
000768
002054
002096
000778
002056
002102
000769
002068
002100
000777
002069
002103
000780
002071
002101
000783
002075
002110
000789
002082
002111
000788
002083
002115
000785
002084
002112
000791
002091
002114
000798
002092
002118
000812
002099
002122
000815
002105
002125
000813
002106
002138
000810
002107
002140
000816
002113
002146
000819
002123
002152
000821
002121
002158
000820
002124
002160
000825
002128
002162
000823
002129
002169
000831
002134
002175
000832
002135
002179
000835
002142
002187
000838
002147
002195
000850
002148
002193
000839
002149
002199
000852
002154
002209
000856
002153
002213
000858
002155
002214
000861
002157
002218
000862
002159
002222
000866
002161
002220
000875
002167
002223
000882
002170
002224
000881
002173
002230
000886
002174
002233
000889
002177
002231
000887
002181
002235
000890
002184
002247
000893
002186
002250
000897
002188
002254
000898
002192
002252
000900
002194
002255
000901
002206
002256
000905
002207
002258
000906
002212
002264
000908
002216
002266
000915
002217
002267
000913
002225
002268
000920
002229
002273
000923
002227
002275
000922
002232
002274
000927
002237
002279
000930
002241
002280
000931
002243
002282
000933
002244
002284
000938
002246
002296
000949
002251
002304
000952
002249
002303
000953
002253
002307
000951
002262
002308
000955
002270
002309
000956
002277
002317
000961
002278
002319
000962
002283
002321
000967
002285
002335
000970
002290
002337
000969
002293
002338
000971
002289
002345
000972
002294
002357
000975
002300
002364
000979
002310
002365
000980
002316
002372
000981
002324
002379
000985
002327
002389
000990
002329
002394
000987
002336
002395
000988
002340
002396
000996
002342
002399
000999
002343
002402
001696
002359
002401
001896
002368
002405
002001
002367
002409
002004
002371
002418
002006
002373
002430
002005
002375
002441
002007
002381
002440
002008
002385
002450
002010
002388
002454
002011
002391
002460
002013
002397
002466
002012
002398
002467
002018
002406
002468
002020
002414
002469
002023
002419
002473
002024
002434
002474
002028
002436
002475
002025
002439
002476
002026
002444
002477
002032
002445
002479
002034
002446
002480
002030
002448
002485
002029
002449
002484
002037
002452
002491
002038
002456
002492
002040
002465
002497
002041
002464
002500
002047
002470
002502
002051
002472
002505
002052
002487
002507
002058
002503
002516
002057
002504
002518
002059
002510
002540
002060
002508
002550
002061
002511
002551
002062
002512
002556
002063
002513
002557
002064
002517
002560
002065
002523
002564
002070
002525
002563
002073
002530
002566
002074
002529
002569
002078
002541
002584
002079
002545
002585
002080
002546
002589
002086
002552
002594
002087
002553
002596
002089
002558
002597
002090
002567
002605
002093
002568
002604
002095
002574
002603
002097
002577
002616
002098
002581
002615
002104
002593
002625
002109
002602
002629
002108
002606
002627
002116
002609
002633
002117
002614
002638
002119
002619
002636
002120
002620
002641
002126
002626
002644
002127
002628
002648
002130
002631
002649
002132
002632
002652
002133
002642
002655
002131
002643
002659
002137
002645
002665
002136
002646
002667
002139
002650
002668
002141
002651
002670
002143
002653
002672
002144
002654
002671
002145
002664
002677
002150
002674
002680
002151
002676
002687
002156
002681
002688
002163
002685
002691
002164
002692
002702
002165
002696
002710
002166
002695
002711
002168
002697
002715
002171
002701
002717
002172
002708
002722
002176
002712
002723
002178
002714
002726
002180
002718
300001
002182
300005
300011
002183
300009
300034
002185
300022
300042
002189
300023
300048
002190
300024
300056
002191
300025
300057
002196
300027
300059
002197
300031
300061
002198
300033
300065
002201
300038
300067
002202
300043
300068
002203
300041
300074
002200
300049
300075
002204
300045
300076
002205
300053
300081
002210
300058
300087
002208
300066
300086
002211
300073
300092
002215
300077
300094
002219
300083
300097
002221
300084
300098
002226
300085
300100
002228
300088
300102
002234
300089
300103
002236
300091
300106
002240
300095
300109
002239
300096
300117
002238
300104
300121
002242
300114
300124
002245
300115
300125
002248
300119
300129
002257
300123
300130
002261
300126
300132
002259
300128
300140
002260
300134
300146
002263
300135
300153
002265
300136
300154
002269
300143
300155
002271
300145
300161
002272
300147
300159
002276
300152
300167
002281
300151
300169
002286
300156
300173
002287
300160
300179
002288
300162
300182
002291
300165
300183
002292
300170
300189
002295
300177
300192
002297
300180
300198
002298
300176
300196
002299
300185
300202
002302
300188
300207
002301
300193
300217
002305
300199
300219
002306
300200
300233
002311
300204
300240
002312
300206
300243
002313
300208
300247
002314
300210
300248
002315
300214
300260
002318
300216
300263
002320
300222
300268
002322
300224
300270
002323
300226
300272
002326
300228
300276
002325
300231
300279
002328
300234
300278
002331
300235
300290
002330
300244
300293
002332
300262
300297
002333
300285
300298
002334
300283
300306
002339
300294
300309
002341
300301
300314
002344
300303
300315
002346
300307
300319
002347
300312
300321
002348
300316
300325
002349
300318
300328
002352
300330
300338
002350
300339
300333
002354
300335
300334
002353
300347
300341
002355
300351
300342
002356
300352
300344
002351
300355
300345
002358
300359
300343
002360
300360
300353
002362
300361
300354
002361
300362
300358
002363
300367
300357
002366
300371
300363
002370
300373
300366
002369
300377
300368
002374
300384
300376
002376
300389
300380
002378
300390
300379
002377
300381
002380
300382
002382
300383
002383
300385
002384
300387
002386
300391
002387
002390
002392
002393
002400
002403
002404
002408
002407
002411
002413
002412
002410
002415
002416
002417
002420
002421
002423
002422
002426
002424
002427
002425
002428
002429
002431
002432
002433
002438
002435
002437
002442
002443
002447
002451
002453
002455
002457
002458
002459
002461
002462
002463
002471
002478
002481
002482
002483
002486
002489
002488
002490
002493
002494
002495
002496
002498
002499
002501
002506
002509
002514
002515
002519
002521
002520
002524
002522
002526
002527
002528
002531
002532
002533
002536
002534
002535
002537
002538
002539
002542
002543
002544
002547
002549
002548
002554
002555
002561
002559
002562
002565
002571
002570
002572
002575
002573
002576
002579
002578
002580
002582
002583
002587
002586
002588
002592
002590
002591
002595
002601
002598
002600
002599
002607
002608
002610
002611
002612
002613
002617
002618
002621
002622
002623
002624
002630
002634
002635
002637
002639
002640
002647
002656
002657
002658
002660
002661
002662
002663
002666
002669
002673
002675
002678
002679
002682
002683
002684
002686
002690
002689
002693
002694
002698
002700
002699
002703
002705
002706
002707
002709
002713
002716
002719
002720
002725
002721
002728
002727
300002
300004
300006
300003
300007
300008
300010
300013
300014
300012
300015
300016
300017
300019
300018
300020
300021
300026
300029
300030
300028
300032
300035
300037
300036
300039
300040
300047
300044
300046
300050
300051
300052
300055
300054
300060
300062
300063
300064
300069
300071
300072
300078
300079
300070
300080
300082
300090
300093
300099
300101
300105
300108
300107
300110
300111
300112
300113
300116
300118
300120
300122
300127
300131
300133
300138
300137
300139
300142
300141
300144
300148
300149
300150
300158
300157
300163
300164
300166
300168
300171
300174
300172
300175
300178
300181
300184
300186
300187
300191
300190
300194
300195
300197
300201
300203
300205
300211
300209
300213
300212
300215
300218
300221
300220
300223
300225
300227
300229
300230
300232
300236
300237
300239
300238
300241
300242
300246
300245
300249
300250
300251
300253
300252
300254
300255
300256
300257
300258
300259
300261
300264
300265
300267
300266
300269
300271
300273
300274
300275
300277
300280
300284
300282
300281
300287
300286
300288
300289
300291
300292
300296
300295
300299
300300
300302
300304
300305
300308
300311
300310
300313
300317
300320
300323
300322
300324
300326
300327
300329
300331
300332
300337
300336
300340
300346
300348
300349
300350
300356
300365
300370
300369
300372
300375
300378
300386
300388
200015
200003
200011
200019
200002
200012
200024
200013
200016
200025
200020
200018
200026
200022
200028
200029
200017
200030
200037
200045
200039
200056
200041
200057
200055
200053
200058
200152
200054
200160
200488
200168
200413
200521
200505
200429
200539
200512
200418
200530
200541
200468
200550
200513
200553
200581
200570
200596
200761
200613
200992
200706
200625
200725
200770
200771
200726
200869
200986
